docId,filename,0 man jack men,1 fo faid fee,2 king george great,3 air murder na,4 men king scotland,5 1 ft ii,6 time man 1,7 ye wi ll,8 thou thy thee,9 er wi ye,10 dream good great,11 tom man wife,12 mr time man,13 god lord 1,14 love ll dear
0,104186076.txt,0.1740914154654532,2.6389360210236744E-4,1.2402919044080706E-5,6.9066549930940715E-6,0.07034774184236114,7.324412416075457E-5,0.6005797884217352,2.305839105940162E-5,0.01825863352493927,4.125477573210407E-5,0.052112907272500245,0.041699053275957826,0.026775521462911116,1.3848631106149017E-5,0.01570032963594387
1,104184661.txt,0.018248153291493787,1.8724023153042908E-4,8.57538675403021E-5,4.775266010520461E-5,1.0015228002529775E-4,0.18716111241150638,1.6432683602085547E-4,0.2866907667152227,0.001803849696401013,0.4751086006251202,9.81706703152467E-5,1.388782405721492E-4,1.0875938926465403E-4,9.574953067664986E-5,0.029960733554205053
2,104185219.txt,0.5005431376850337,8.08321870832756E-5,0.033965193762871694,2.061497106577053E-5,0.06860642010411576,0.02566474909126647,0.0785298417447273,0.03470383514508202,0.05096415087372706,0.0015368110764439483,4.238058201569245E-5,0.002180465013067265,0.021958897184394997,4.133536854515693E-5,0.18116133521056005
3,104184107.txt,0.011537169073087904,7.271172440077954E-5,3.330113155664454E-5,1.8543975472544003E-5,0.2435608534560427,1.966563037104206E-4,0.3955485648528638,6.191046732020361E-5,0.00451546138539343,0.0045615597439444275,0.21049705006948685,0.022943723797689365,4.223495492165878E-5,0.0979546292188088,0.00845562984530055
4,104186710.txt,0.0021780595090572083,0.11243741635408384,0.011511811606583605,5.547296368545008E-5,1.1634417392912616E-4,0.06525738063055352,1.9089400647098813E-4,0.007793329810161163,1.9345074678661398E-4,0.28944025711637783,1.1404219194022297E-4,0.08385075135737578,1.2634281813490674E-4,1.1122962001326873E-4,0.42662321709484646
5,104186704.txt,0.04066266422793749,0.15899929664474155,2.561407558049217E-5,0.057722932854630454,2.9914779866003876E-5,0.3855277997155376,4.908326724463099E-5,4.761938453850758E-5,0.052867844926646146,8.51979231584745E-5,2.9322887018017398E-5,0.023516194956685978,3.248566270674354E-5,2.8599709679516608E-5,0.2803754289840285
6,104184113.txt,0.1394963274569337,4.429455295806099E-5,4.0762005218330887E-4,1.1296625274544835E-5,2.3692560275061198E-5,0.012127142538069397,0.5295239839149617,0.12088581579666198,3.9394696990065926E-5,0.02020882710356373,0.05541193681042353,0.06355557362013009,0.051541105158993905,2.2651022286185877E-5,0.0067003380902948715
7,104184675.txt,0.7207577355638913,1.6579491848195833E-4,7.593216138512676E-5,4.2283372140310654E-5,8.86814706799698E-5,0.0801870483757419,1.455058785165423E-4,1.4116624199360974E-4,0.013195595646858599,2.525666964094516E-4,8.692682202537456E-5,0.0030225588786745717,9.630277601077674E-5,8.478298442309426E-5,0.1816571182127674
8,104186062.txt,0.14120859068936265,2.764429062794131E-5,1.2660766424916746E-5,7.050239168236888E-6,0.05706435546333612,0.0017669150447584344,0.5320840120105388,2.353775770848068E-5,2.458628386709742E-5,0.013821033734724514,1.449399265933642E-5,0.07133246521977199,0.15279286896124675,1.4136533756016687E-5,0.029805649012048657
9,104184885.txt,2.578789486024235E-4,0.2436490826040968,9.306823543682643E-5,5.1825718662977455E-5,1.0869475913198611E-4,0.12671498338492806,1.7834307771821657E-4,1.7302408894904334E-4,0.005511663214921621,0.06428074293762454,1.0654412821201907E-4,0.003704678178662457,1.1803601092733427E-4,1.0391647770046093E-4,0.5549475182344253
10,104185543.txt,0.004885600765297203,1.7764194851326216E-4,8.135796456720255E-5,4.5304769805315486E-5,9.501828761009856E-5,0.039315195213563255,1.5590313633541994E-4,0.13374277405625556,1.57991226167941E-4,0.8204604152796201,9.313825890468083E-5,1.3175908328932423E-4,1.0318418039846157E-4,9.084123139351189E-5,4.638745982786964E-4
11,104185225.txt,0.0012870047450135784,4.6795888905613086E-5,2.14319776569518E-5,1.193455145278166E-5,2.5030491211211896E-5,0.015676414553047253,0.556971233249626,0.001676670749651347,0.033596559413465586,7.128736619102441E-5,0.11951285844292431,0.009446460536110575,0.14897837903611552,0.03235125045598301,0.08032668854264517
12,104185231.txt,0.07209528167075802,3.645731696899605E-5,1.6697030892775947E-5,0.29872579569922314,0.02616117910093522,0.23505490874293794,0.29109727071785235,3.104161741991552E-5,3.242441472260112E-5,5.55379151008996E-5,0.021378778891068505,0.027443923218266834,0.023612447315039715,1.864327426311656E-5,0.004239613074550053
13,104186738.txt,0.025825995249077416,1.3967283626587315E-4,6.396854886486021E-5,0.05621859190043912,7.4709120445378E-5,0.2678575540728739,1.2258046827879468E-4,0.5460708340672811,1.242222507053389E-4,0.10280776285280871,7.323092825178502E-5,1.0359695455286796E-4,8.112963888676715E-5,7.14248663944881E-5,3.647262448736369E-4
14,104184649.txt,0.008521893184748807,0.0018457164030236037,8.674810962697537E-5,0.0679568228976277,1.0131345927859077E-4,0.2108630526596117,1.662320638668766E-4,0.12107155990960626,0.054826532820100526,0.5336188438635234,9.930887451412406E-5,1.4048841391663504E-4,1.1002036052145455E-4,9.685966385091395E-5,4.946073161824329E-4
15,104184891.txt,1.99960836572627E-4,0.14483480597594675,0.0014500440804355364,4.018596367012328E-5,8.42825484006486E-5,0.15061491540906824,1.3828825970766531E-4,0.004267799173057117,1.4014042455719956E-4,0.0980694069599431,8.261493667721719E-5,1.1687214739257541E-4,9.152580937156687E-5,8.057744118811576E-5,0.5997885800340115
16,104185557.txt,0.3169055612210175,3.960089280979574E-5,1.8136752388799738E-5,1.0099581477506857E-5,0.005561821229903496,0.039584159291993215,0.3141197419771663,0.001072588076566947,0.003844409729861968,6.0326738379037286E-5,0.17801379863306765,0.09525910946739131,0.04434811633130908,2.0250812925843056E-5,0.0011422792637415693
17,104186089.txt,0.4307552364792471,3.905985144521571E-5,0.034856888332366616,9.961597433295464E-6,0.035201450776928156,0.00693681771482685,0.2661085986519677,3.3257547890104905E-5,7.178566919938905E-4,5.950253320240089E-5,0.048521831273880336,0.06424202880620392,0.049207157802413665,0.05193691437784616,0.011373437562354755
18,104184846.txt,0.19380144300109872,4.989961507968756E-5,0.46385983731592006,1.2726107732320436E-5,0.13485794934851217,0.03547907498071427,0.14316564709581459,4.248707500944119E-5,4.437972808635088E-5,7.60154837565265E-5,2.6162532596791937E-5,0.008763953432082437,0.012246703667873214,0.007443418262630277,1.3030235309327042E-4
19,104185580.txt,0.01151370655327459,7.344698542499354E-4,1.8193454282627812E-5,3.575037338674898E-4,2.1248206992936447E-5,0.05811865996412731,3.486341624357924E-5,0.47072366618782374,3.533035967202025E-5,0.016039653907502664,2.0827790670035543E-5,0.44223475546496455,2.3074282631778244E-5,2.0314124119591414E-5,1.0373269957712257E-4
20,104186937.txt,2.268409298488357E-4,1.7875263859746182E-4,8.18666478217589E-5,4.5588033747255165E-5,9.561238078881804E-5,0.052065827509809995,1.5687790647880446E-4,0.06580249162731336,0.12989646189325063,0.5442318726863036,9.372059737535645E-5,1.3258289494269486E-4,0.011045544750431862,9.140920790913612E-5,0.19585455029538046
21,104186923.txt,0.10522679055045794,0.0010272911617874208,4.828237218652406E-5,2.6886387450834098E-5,5.638917285261569E-5,0.06112844622261602,0.06185770992310395,0.024058342765137224,0.11532732104905767,0.025051046556948356,0.18258523282802003,0.16417078295467905,0.040623448464138075,0.07472525728856838,0.14408677230299602
22,104184852.txt,9.299313195445794E-4,0.33255151882883915,2.2704840589485606E-5,1.2643354364198276E-5,0.029505177009149376,0.0716631823462447,4.350841219697273E-5,9.092302065103592E-4,0.42878518933363646,9.425405918986958E-4,2.5992406919991966E-5,3.6770450173071816E-5,0.049448902319790065,2.535136773288602E-5,0.08509735721241006
23,104185594.txt,0.0016388073531128987,1.6365946669529225E-4,7.495414908426766E-5,4.173875893135323E-5,8.75392462575227E-5,0.040513993278848144,1.436317511844529E-4,0.2119451053339981,1.4555548412738866E-4,0.6728757051205854,8.580719761768505E-5,1.2138811516009424E-4,9.506238856720442E-5,8.369097281488033E-5,0.07198336138301535
24,104186512.txt,4.9500159847095105E-5,0.1620580886209137,7.000501631769516E-4,0.021498794679550477,2.086408363588407E-5,0.21226522153321042,0.0017396971799426737,7.153977809294482E-4,0.02220572394241914,5.942134965873948E-5,2.0451267565059306E-5,2.8931615194080897E-5,2.26571476279146E-5,0.5747613222003112,0.0038538782760173377
25,104184305.txt,0.260792860874851,3.892689320913573E-5,0.02384555956561228,9.927688537734827E-6,0.10179927458108236,0.0021476587539506456,0.2696279253246331,3.314434047276447E-5,3.462080685610529E-5,0.031035350935313705,0.11098955904279913,0.08478751742336353,0.07525016317171722,1.9906147973701308E-5,0.03958760444962766
26,104184463.txt,0.003763217882721476,0.09466231847450261,0.012027918851941944,0.05986115419036057,7.318946764127242E-5,0.29232221168637107,1.2008706785809716E-4,1.1650553403333399E-4,0.051572276830487804,2.0844514544454695E-4,7.174134324795079E-5,1.0148969640895542E-4,0.004865579979859657,6.997201836399083E-5,0.4801638918307568
27,104186274.txt,0.38625701018509334,1.2130172129997184E-4,5.555478999222422E-5,3.09360857977387E-5,6.488265828282253E-5,0.10109673279247845,1.0645750596537038E-4,1.0328246667666487E-4,0.06056907926554305,1.8478717742394357E-4,6.359889214554949E-5,8.997088657079316E-5,7.045868837858289E-5,6.2030380916585E-5,0.451123916503435
28,104186260.txt,0.0630159044268875,1.4370985967291112E-4,6.581745904658027E-5,3.665092713588063E-5,7.686846993680736E-5,0.011698714066396446,1.2612346370236566E-4,1.2236189753705559E-4,1.2781269926484111E-4,0.6247842463555708,0.036518797003003485,0.0692234781494823,0.03401358267204757,7.348928969387777E-5,0.15997244326062146
29,104185769.txt,0.28460764859889137,5.718585715577275E-5,2.6190463340234773E-5,1.4584348551932923E-5,3.058794540328725E-5,0.018656946034596274,0.5781214545073232,0.020551218579048586,5.085996729444086E-5,8.711511278765774E-5,0.008030969124056325,0.08255258756463113,0.004033709875606221,2.9243282489304834E-5,0.003149698738824304
30,104184477.txt,1.7553270153915118E-4,0.14165572585416422,6.334956336003295E-5,0.05446504764186055,7.39862048336486E-5,0.4043639598537786,1.2139433017833838E-4,0.07510990271406376,1.2302022605528685E-4,0.0014202647359780412,7.252231622451109E-5,1.0259450859543435E-4,8.034459574644411E-5,7.07337305509064E-5,0.3221016210230711
31,104184311.txt,0.0013131294953679191,0.2688420182178965,1.1191715487176145E-5,0.12629493702999595,1.3070848646078197E-5,0.11994420217790558,2.144625366067523E-5,0.001089238989464887,2.1733494220853427E-5,3.722605225753849E-5,1.281222926577918E-5,2.3181143574249664E-4,1.4194160288304116E-5,0.48080705782986183,0.0013459300699383177
32,104186506.txt,0.002216600004741057,0.32561430108182887,0.06928663045980495,0.02172987910981589,6.320654285689822E-5,0.222483625061315,0.02903669698205405,1.0061436798579937E-4,1.0509639206270583E-4,1.8001356538660686E-4,6.195594028417246E-5,0.01662078357808249,0.08893424942815525,0.1416254127557513,0.08194093472987496
33,104184339.txt,2.4175255896624658E-4,0.2715181138056512,0.004655588428277816,0.07178527865782068,1.2913559822961457E-5,0.07670006409183579,0.0012878785577163756,2.0556252585681115E-5,2.1471962944593246E-5,3.677809037630079E-5,1.2658052554130017E-5,1.790685611234291E-5,1.4023354028716099E-5,0.5715008217771977,0.002174193994109254
34,104185027.txt,3.7903266977626875E-5,0.14707511661682998,0.020647026730274912,0.05250512174098125,0.0062843347767465255,0.357638410500755,2.6213017095811493E-5,2.5431227607132476E-5,0.1538625345680517,4.5500121358058464E-5,1.5659946491967024E-5,2.2153519063021124E-5,0.01568824585491431,0.2170571947132382,0.02906915339961459
35,104187156.txt,0.6159913064519692,4.323942365873363E-5,0.057113972365170226,1.102753123216947E-5,4.0123526665746684E-4,1.1694544863805077E-4,0.2673596541861336,3.681624865081274E-5,3.8456285915645596E-5,6.58695603467692E-5,2.2670572290618925E-5,3.2071179532283325E-5,2.5115827249525964E-5,2.2111458035554413E-5,0.058719508194519404
36,104186248.txt,0.014924636526278356,1.8662908772761183E-4,8.547397072386205E-5,4.759679754269441E-5,9.982538742975248E-5,0.0037687130800415467,0.02953939090783534,1.5890551533441355E-4,0.011589828820181293,0.6759231146342068,9.785024560581759E-5,0.0066663361542299475,1.0840440344668104E-4,9.543700845950987E-5,0.2567078574609563
37,104185741.txt,0.08569304679996935,7.197945999369538E-5,3.296576289972548E-5,1.8357223015271242E-5,3.8500844473623456E-5,0.005859494421861102,6.317102271544389E-5,0.005726105582307427,0.08125975040273342,1.0965121601071398E-4,0.00633198195938705,0.8145284181371845,4.180961561800718E-5,3.6808326161650704E-5,1.8795922566904405E-4
38,104185999.txt,0.06189227505127046,4.745614742052512E-5,0.005001496960364503,1.2102939945930035E-5,4.4036387059854994E-4,0.04826605506502742,0.014150976077547964,0.04029348753347943,0.0025320878523665876,0.7296075128991336,4.3986163044555784E-4,3.519877220950776E-5,4.425453475257512E-4,2.4267775178961697E-5,0.09681431207748524
39,104185755.txt,0.022006649169659144,5.22717105318881E-5,2.39398408366531E-5,1.3331073165978457E-5,2.7959434507215843E-5,0.0015126438963527413,4.587499564006503E-5,0.009186304818192782,4.6489422740215705E-5,7.962905839087438E-5,2.7406230058020673E-5,0.9667839111713935,3.036227453255973E-5,2.6730322378823818E-5,1.3649658161968235E-4
40,104187142.txt,0.08587576173843085,3.261068003334136E-5,0.0011555915027158708,8.316838249469152E-6,1.7443013885527133E-5,0.0020843472508017603,0.8794745402982048,2.7766394720136108E-5,0.008013596602485011,0.016589192785288677,1.7097886987972883E-5,2.418771772430624E-5,1.8942070381678973E-5,1.6676209395369124E-5,0.006643929010695166
41,104185033.txt,0.023156925587408624,0.0027574031598883953,0.04997101450430618,9.910820511301902E-6,2.078609377868332E-5,0.011658908114850937,0.8302089927127628,3.308802528831127E-5,3.4561983023854886E-5,5.919923290271812E-5,0.01599181146155857,2.8823468937722307E-5,0.03400435254199857,0.0020587791308581734,0.03000544316192515
42,104185966.txt,0.10499254203593912,2.1385110810577516E-4,9.794134224230119E-5,5.4539343361348415E-5,0.11605567080389097,5.783822184254021E-4,1.8768122474183645E-4,0.26011496399919565,0.026370485033632898,0.3518896695795922,1.1212284058188873E-4,1.5861583483092412E-4,0.07118500385649279,1.0935760476498787E-4,0.06787917317420189
43,104185972.txt,0.46082968599279983,3.2288417678592715E-5,1.4787723076736378E-5,8.234650332026237E-6,0.46786463254077115,0.010251784198556584,0.02120428895061316,2.7492004129806713E-5,2.8716678367680938E-5,0.011625374134030577,2.9927494785365384E-4,0.0028474089328174583,0.009618519701465083,0.015263196713569672,8.431441393806691E-5
44,104185782.txt,0.13718786186444712,0.005685692554575297,9.561687036664172E-5,5.324494441951284E-5,1.1167131991570998E-4,0.01699540581703992,0.045824200598101064,1.7776228168177573E-4,0.003836958873547401,0.5169738642083626,0.047576074410990696,1.5485135663757246E-4,1.2126837800739632E-4,0.05670156953723331,0.16850395698467402
45,104187195.txt,0.002020494623313125,0.0019662123770564635,9.241138376155435E-5,5.145994606649297E-5,1.0792761947048898E-4,0.019954518532832605,1.7708437813266454E-4,0.0037006743654626876,1.794561590869719E-4,0.6813795672900655,0.06891878517001099,0.17659323187881568,1.1720294311256215E-4,0.0036320544979648013,0.041108918834847345
46,104187181.txt,0.04227435358826877,0.026135132458273924,1.5360192460416414E-5,8.553434040372231E-6,0.6299755131080783,0.03763007924430237,0.24872776871230837,2.855628769656342E-5,2.9828372107222635E-5,5.109130301538648E-5,0.0035369003395276334,2.487580519618751E-5,1.9480930702015395E-5,0.006762506383389307,0.0047799998406332644
47,104184488.txt,0.006624210186981192,0.15999010533466726,8.369825274724137E-5,4.660797617040567E-5,0.017676560399785022,0.06601528608044348,1.6038774050586212E-4,0.11521689875002478,1.6253589491816838E-4,0.054612898561942805,9.581741106370485E-5,1.3554917596033807E-4,0.0033022993759006616,9.345430881280748E-5,0.5757836905500763
48,104185796.txt,2.3491939642200177E-4,1.8511854097996892E-4,8.478215772698615E-5,4.721155648192649E-5,9.90174163029028E-5,0.005356978531327206,1.6246478590308574E-4,0.09728374901219183,1.6464075923858736E-4,0.8938423964978981,0.0017158270885245601,1.3730455820550153E-4,1.0752699510133484E-4,9.466455618806284E-5,4.833981475079946E-4
49,104186466.txt,0.33828503290870876,0.2562067789634117,0.17294695707210764,0.018474126675344236,1.7928713204602705E-5,0.18269470645189173,2.941689109916932E-5,2.853954774846359E-5,0.009702256639281861,5.1061352842243587E-5,1.7573976276337197E-5,0.0058869495578278384,0.0011918871778180326,1.714055710507386E-5,0.014449643515332391
50,104184271.txt,5.4871755437204244E-5,0.3758816777836052,0.02535297757418883,1.102753123216947E-5,0.02649062384496361,0.00465423041877825,0.2000565937957207,3.681624865081274E-5,0.04314266350224753,6.58695603467692E-5,2.2670572290618925E-5,3.2071179532283325E-5,2.5115827249525964E-5,0.23293607325856577,0.09123671714719082
51,104184517.txt,0.1818654409975913,5.456634944019513E-5,0.04392328459630245,0.0047854699625001955,0.004323585116149228,0.04452302948429092,0.07877852451613743,0.032493025580623405,0.03249509523925702,5.602800059908254E-4,0.07637346816427346,0.2934910236860862,0.09737139015711266,0.02483998286335447,0.0841218332808903
52,104185609.txt,2.3722345603678578E-4,1.8693416012728484E-4,8.561369036604541E-5,4.767460143393077E-5,9.998856655076887E-5,0.08060321240473078,1.6405821989672414E-4,0.16362371593928043,1.6625553490243918E-4,0.6410658081690696,9.80101960701264E-5,0.0017732967305778137,1.0858160621768138E-4,9.559301413656086E-5,0.111644033710603
53,104186300.txt,3.4409266716916117E-4,2.711480340850026E-4,1.2418267382327964E-4,0.01429547368996984,1.4503343440684072E-4,0.04341231263658775,0.05477219955340602,2.3086925308811733E-4,0.047662225923376336,0.633484372667129,1.4216380765615615E-4,0.002572167238016523,1.5749764004432972E-4,1.3865768481126895E-4,0.20224760309643036
54,104186314.txt,0.0588000284891674,0.001554729371750323,0.0042586115805436885,4.069056351788319E-5,0.005666060549465769,0.08553749319929888,0.08385082015058574,1.358485297095239E-4,0.06013463685930821,0.5736620014310674,8.365230098710959E-5,1.1833966645634026E-4,0.05869023188460896,8.1589221442788E-5,0.06738526620209002
55,104184503.txt,8.712109529619862E-5,0.362067005697175,0.14831269119211266,0.08646487665706475,3.6721130281691105E-5,0.10644390003589349,0.04508492175617347,5.845396928892973E-5,6.105789259519858E-5,7.04911496968986E-4,0.007239941900768637,5.092011848411005E-5,3.987695239225428E-5,0.021646948849864515,0.22170065125564026
56,104184265.txt,4.295679598484411E-4,0.4194365254831329,0.020651712867843525,1.0940659673444923E-5,2.294598895354342E-5,0.053759395042993714,0.2468721807133094,3.652622136915276E-5,0.02742253146782557,6.535065985495906E-5,2.2491980372754446E-5,4.069469999905733E-4,0.02478339682862641,0.05779172126862444,0.14828776585758116
57,104186472.txt,3.5943289094718254E-4,0.11173739703065959,1.2971894410033737E-4,7.223493032449209E-5,1.514992662927674E-4,0.14194131178246502,2.485754201809795E-4,0.21076568767985113,2.5190471694623405E-4,0.14160674340498272,1.485017068055992E-4,2.1007960622959862E-4,1.6451914696183258E-4,1.4483927516902433E-4,0.3920675541980835
58,104185153.txt,0.11403111661731279,2.0651359864048253E-4,9.458084749381996E-5,5.2668027604841784E-5,1.1046134471753372E-4,0.007781968692404476,1.81241637988235E-4,0.22951978694934141,1.8366909923377709E-4,0.6215297069243576,1.0827576019342434E-4,1.5317351938198316E-4,1.1995441727134729E-4,1.0560540321142875E-4,0.025821277160846878
59,104187022.txt,9.244908182842192E-5,0.3396166216314166,3.3364774287144527E-5,1.8579415386391678E-5,0.0038612231847925237,0.05880496258375399,0.0013380210773294421,0.015351054119543083,0.031279885344256284,1.1097841368442486E-4,3.8195854608499286E-5,0.07267690452798865,0.16312525256077332,3.725384721132297E-5,0.31361525358313996
60,104185635.txt,0.16313130187609537,1.5273067094332418E-4,6.99488866167462E-5,3.895154239868129E-5,8.169358048610162E-5,0.26485259794635563,1.3404035935183161E-4,0.41949372941054497,0.0014713887723828483,0.11909689471750795,8.0077193996456E-5,0.0014488352436940251,8.871434497813726E-5,7.81022857279289E-5,0.029780993168920022
61,104185621.txt,2.578789486024235E-4,2.0321086909730386E-4,9.306823543682643E-5,5.1825718662977455E-5,1.0869475913198611E-4,0.13737684638062148,0.00550927457556492,1.7302408894904334E-4,1.8073171707491767E-4,0.846150695955141,0.007214452792007625,1.5072384676465483E-4,1.1803601092733427E-4,1.0391647770046093E-4,0.0023076196243169995
62,104186328.txt,0.029347909233221357,0.0036555220478758066,2.359472371892227E-5,1.313889220793895E-5,2.7556370864631355E-5,0.11411595907141397,0.0022977160904494374,0.04734641620591682,4.581923049914998E-5,7.848112464699571E-5,2.701114141937731E-5,0.8019290765020584,2.9924571510809225E-5,2.6344977635793135E-5,0.0010355298165606536
63,104187036.txt,4.6725315091434547E-4,0.2150825744348605,2.1370762260251423E-5,1.1900463217280628E-5,2.495899750803502E-5,0.04133801896356095,4.095196923836201E-5,0.5925105930747608,8.575760278967558E-4,0.006191650511739666,2.4465159606365993E-5,3.460991261991247E-5,2.7103979309769496E-5,2.3861786241415345E-5,0.14334311080626563
64,104185147.txt,0.07803867309052952,1.8159109297199137E-4,8.316662720366349E-5,4.6311936649228526E-5,9.713063183472491E-5,0.03860128522331611,1.5936900693698882E-4,0.19546915269462065,1.6150351693355585E-4,0.25910808940170954,9.520880835613344E-5,1.3468820930946824E-4,1.0547805995596192E-4,9.286071580349653E-5,0.42762549098386904
65,104184259.txt,5.556507047481215E-5,0.43729792533493067,2.005337422476629E-5,0.04327711938084261,0.0023207276279948474,0.041087068378056736,0.3484633548397088,3.728142893554285E-5,0.015354323609501473,6.670183473538976E-5,0.008446416800887046,3.247640496869206E-5,2.5433170490603543E-5,0.028355846469572264,0.07515970627467573
66,104185812.txt,0.4643675453192302,0.002012371478547273,9.458084749381996E-5,5.2668027604841784E-5,0.04164519258257371,0.03125812113119275,1.81241637988235E-4,0.31439510730496056,0.001989526979140568,0.1357539372294309,1.0827576019342434E-4,0.005570747159102355,0.0019258122971781376,1.0560540321142875E-4,5.392668421518126E-4
67,104185806.txt,0.0020754239043152853,2.0726217068877233E-4,9.492368486241713E-5,5.2858939068121144E-5,1.1086174583211602E-4,0.018684599434087117,1.8189860404314571E-4,0.0019888773407216354,1.843348643684999E-4,0.8938307937950255,0.0019210720061405293,1.53728743909096E-4,1.2038922894684641E-4,1.0598820247265354E-4,0.08028698733551824
68,104186499.txt,5.2357566094723554E-5,0.24429097827437843,1.889578934074008E-5,1.0522256682870194E-5,2.2068466876592253E-5,0.1206129260743259,3.620927388518207E-5,7.56694255427344E-4,3.6694243068098E-5,6.28514584964054E-5,2.1631820918681472E-5,0.6335645875397591,2.3965035832425973E-5,2.109832492733227E-5,4.685196199862395E-4
69,104185190.txt,0.0011925604835733084,6.357603664298524E-5,2.911709187955123E-5,1.621406277825035E-5,3.400596641396525E-5,0.051318479897059,5.5795962560481635E-5,5.4131877236725346E-5,0.9440436229371775,0.0017646714041521783,3.333312548384801E-5,4.7155080077399876E-5,3.6928446737338294E-5,0.0011443921757697492,1.6601545245781144E-4
70,104185184.txt,0.10564841174514432,3.762068755949492E-5,1.7229841211917805E-5,0.011852660387938157,2.012279948815622E-5,0.11392677055619772,0.12306931185686103,3.2032170422446074E-5,3.3459093454842775E-5,0.003347050664152082,1.9724650441034495E-5,0.03818889358349889,0.5980966763953791,1.9238190148088543E-5,0.005690797378102735
71,104186102.txt,0.18310057119647896,3.157520694730651E-5,0.028453724524151233,8.052757213458075E-6,0.04916435413306711,8.539838022439088E-5,0.5091733596549776,2.688474017016887E-5,0.0014086291319825586,6.003193718813843E-4,0.03259745873569135,0.053864743690111495,0.07815728774166415,0.053029142630062,0.010298498105376851
72,104184715.txt,0.006194192024883798,2.2522272973705208E-4,1.0314941385766062E-4,5.7439495631856096E-5,0.027692906522638314,0.05181509406223195,1.976612519390917E-4,1.9176610875430323E-4,0.008078148033830468,0.7841881178706824,1.180850192706733E-4,0.006075429851145946,0.004069741408286431,1.1517274088892636E-4,0.11087787346622112
73,104186664.txt,0.0706713798023299,5.8502321692392624E-5,2.6793388921836928E-5,1.4920092013922546E-5,3.1292104567358256E-5,0.25952597569874825,0.0578591454482839,4.981185778691396E-5,0.35917660797648066,0.013390030838538545,0.04863015277670594,4.3391847145334207E-5,3.398135499952595E-5,0.12383069665104394,0.06665731784074166
74,104186670.txt,9.400611553380212E-5,0.18663236726010346,0.2552560312530448,1.8892331160250428E-5,3.96231338007877E-5,0.19517967409221904,6.501244114532178E-5,6.307347918092825E-5,0.018203494676413575,1.128475196534487E-4,3.8839151781981344E-5,0.3427262470474215,0.0013385720326431541,3.788127903234168E-5,1.934381868657248E-4
75,104185379.txt,1.625558169067311E-4,0.16030670100967148,5.866621964100533E-5,3.266870785574293E-5,6.851650923790963E-5,0.03843087085339442,1.1241981885400349E-4,0.2106935274695554,0.0012340556236567122,0.03715943006214347,6.716084384546575E-5,9.50098415203604E-5,7.440483329364847E-5,6.550448578379919E-5,0.5514385079046399
76,104184701.txt,2.649408563842499E-4,2.0877571425278186E-4,9.561687036664172E-5,5.324494441951284E-5,1.1167131991570998E-4,0.21964132890897298,0.003834504822295109,0.21925443589458238,0.003836958873547401,0.3015484684890103,1.0946179486222851E-4,1.5485135663757246E-4,1.2126837800739632E-4,1.067621872339842E-4,0.2506577095895117
77,104187208.txt,1.8902196638573139E-4,1.4895096430281028E-4,6.8217824547753E-5,3.798758799087811E-5,7.967186627019761E-5,0.029057886198873298,1.3072319173114468E-4,0.05092438305559248,1.3247403378567038E-4,0.8989529441791018,7.809548135136169E-5,1.1047864919210767E-4,8.651888419248317E-5,7.616944718160501E-5,0.019926476669500762
78,104186116.txt,3.9193067048293406E-5,3.0884479949356196E-5,1.4144735781304545E-5,7.876598215527924E-6,1.6519692691262967E-5,0.007105331844203026,2.7105012799572795E-5,0.01623045417201269,0.003808438139461006,0.9704060165053616,1.6192834596411834E-5,2.2907375200801102E-5,0.0021784937390259005,1.579347790895397E-5,8.064832574432434E-5
79,104185437.txt,2.2862777272479584E-4,0.17505121183557348,8.251151749557188E-5,4.594713407974189E-5,9.636552662356639E-5,0.10761547453817119,1.5811364541610292E-4,1.533979888569508E-4,1.602313417186705E-4,2.7445104958739175E-4,9.44588414914535E-5,1.336272602671555E-4,1.0464720143264337E-4,9.212924503849564E-5,0.7157088051015228
80,104184729.txt,2.1603501595005934E-4,1.7023748384496434E-4,7.796680510760281E-5,4.34163781830868E-5,9.105773910598997E-5,0.04065374369016945,1.4940478797607253E-4,0.09690664271943612,1.5140584213082416E-4,0.8115689212627476,8.925607368267513E-5,0.020967247320436422,9.888326147428845E-5,8.705479078132895E-5,0.028728726828973455
81,104187220.txt,0.514003348958605,2.0614133668325855E-4,9.441035580883777E-5,5.257308807946245E-5,0.027149301762797076,5.575303521975108E-4,1.8091493133389288E-4,0.30661796731294033,1.8333801683139564E-4,0.14812744527449903,1.0808058202271371E-4,0.0019555000441249326,1.1973818712260617E-4,1.0541503863325222E-4,5.382947583207865E-4
82,104186658.txt,7.651087434376897E-5,0.20092983676214457,2.761269233294995E-5,1.537632703207526E-5,0.03588298150660252,0.09348041174893615,0.059101178490303545,5.1335032967095595E-5,0.1824705844333982,9.184575223838954E-5,3.161089515012701E-5,4.4718707606486725E-5,3.502045610564484E-5,0.3690824897315301,0.05867848658930845
83,104186880.txt,0.011873837148337838,0.006837281501766553,8.703642741599103E-5,4.8466862829408995E-5,1.0165018676121071E-4,0.03707380907815343,1.6678455614969057E-4,0.1829609336877959,0.011801689875042362,0.7248387545965795,0.011732310428199664,0.0018027655567474782,1.1038602643888667E-4,9.71815886080802E-5,0.010467112479173979
84,104185351.txt,0.07616604916797076,0.0832878132720016,7.506157119868456E-5,0.0029081406209284155,8.766470496851245E-5,0.15379256746706774,1.4383760004803338E-4,0.4702196428066902,0.01591064532772434,2.49670926246912E-4,8.593017400675616E-5,1.2156208508910938E-4,9.519862922774384E-5,8.381091629188887E-5,0.1967724047305393
85,104185345.txt,0.001968397948596353,0.256318827234705,0.0018089699343097538,5.013309667019383E-5,1.0514480083804456E-4,5.31654579640413E-4,1.7251841337405927E-4,1.6737314216447492E-4,0.0018937703367506314,0.05186769350864061,1.0306440927582128E-4,1.458012233172148E-4,1.1418096842738766E-4,1.0052257752683806E-4,0.6846519478257632
86,104186894.txt,0.08513289081637834,1.7654497587188067E-4,8.085556374332258E-5,4.5025004280244104E-5,9.443153170693748E-5,0.028265835350169844,1.5494040497215325E-4,0.04800803566488698,0.0017008128996885048,0.8354632818767099,9.256311253447137E-5,1.3094544602159803E-4,1.0254699856237046E-4,9.028026960277445E-5,4.610100848706735E-4
87,104185423.txt,2.0621180203876337E-4,0.11099676958222991,7.442161776293016E-5,4.144221502129281E-5,0.08392309806672131,0.21500327364977292,1.4261128190851886E-4,1.383579752114834E-4,1.445213471885098E-4,0.027245634414561355,8.519755797950784E-5,1.2052568160370503E-4,9.438699300856393E-5,8.309636844832256E-5,0.5617004514465429
88,104184932.txt,2.9692326199054714E-4,0.20892816454749985,1.0715928618202471E-4,5.9672421978654785E-5,0.02467740897846257,0.17249861838883046,2.053452159492358E-4,1.9922090256734403E-4,2.0809550864801728E-4,0.016724606311968402,1.226755044027447E-4,1.7354427914207846E-4,1.3590732235739612E-4,1.1965001292509086E-4,0.5755430080570956
89,104185392.txt,1.440057248531153E-4,0.20849778407339672,5.1971511352573546E-5,0.01987506512089157,6.069773303081216E-5,0.2553296109174565,9.959100701524224E-5,9.662075745690675E-5,1.0092487991893838E-4,1.728684221584258E-4,5.949676968657715E-5,0.005045698875411407,0.0010582203302022554,5.8029427281823634E-5,0.5093494144498871
90,104186843.txt,0.1639361390974454,3.755890802891745E-5,0.6841448480145643,9.578805550323522E-6,2.0089754448659884E-5,0.05166569160783475,0.0023319994003087904,3.197956818201794E-5,3.340414796550479E-5,5.721604382369766E-5,1.9692259229599972E-5,0.0703126952946793,0.027281823308815584,1.920659778671478E-5,9.80771913363688E-5
91,104186857.txt,4.5499978212603433E-4,4.543854501737215E-5,4.1814762435127316E-4,1.1588382358611786E-5,2.4304466232100286E-5,0.02753916652131598,0.002423901801376825,0.8590819195047846,0.02745668546463294,0.015168036824571098,2.3823578864673682E-5,0.0667863677772382,2.6393197470281713E-5,2.3236028520591524E-5,5.159905011394421E-4
92,104185386.txt,1.2470189945033218E-4,0.18398601593294406,4.500478150838057E-5,8.843497876321213E-4,5.25612617761682E-5,0.16353059550783097,8.624093073827126E-5,8.366884020406682E-5,8.739599929464914E-5,0.03967696889020552,5.1521286383876774E-5,7.288516602799824E-5,5.70783883133934E-5,0.0017688277401970956,0.6094921835874932
93,104184926.txt,2.3453973081693206E-4,0.01634634586141027,8.464513681810083E-5,0.1584300949578584,9.885738904314623E-5,0.417467246592675,1.622022180088127E-4,1.5736462191614568E-4,1.6437467463924178E-4,0.1538160496786282,9.69014000033689E-5,1.370826530798972E-4,1.0735321506325258E-4,9.451156381471606E-5,0.25260243030622453
94,104185387.txt,2.3303326152430607E-4,0.22659747855288773,0.009718733211231751,4.683250151408922E-5,9.822241934984968E-5,0.05188135492997731,1.6116037891496286E-4,1.563538551269256E-4,0.011403722598821907,0.08377988141805909,9.627899379948574E-5,1.362021591580475E-4,1.0666367593316935E-4,9.390450773859195E-5,0.6154901775359628
95,104186856.txt,0.06272242016625311,7.308347229603462E-5,0.10228600309948671,1.863878389454735E-5,3.90913657966933E-5,0.06154918076096471,0.1828405403668931,0.001979461962015342,6.499899093259061E-5,1.1133303317706794E-4,3.831790532208086E-5,0.05501494264984958,0.4914936814257348,3.737288784236541E-5,0.041730933129541334
96,104184927.txt,2.858124715669028E-4,0.1873239085847721,0.03161450703154777,5.7439495631856096E-5,1.2046860715946852E-4,0.13256294795756285,1.976612519390917E-4,0.0061001456620711995,2.0030862940794146E-4,0.13229690715471826,1.180850192706733E-4,1.6705029782905002E-4,1.3082170607516704E-4,1.1517274088892636E-4,0.5087087633895588
97,104186842.txt,0.06522047202253209,3.8022905704373036E-4,0.22794560846059178,9.951400467571136E-6,0.07781656614397672,0.01921324777720947,0.14743661420141793,3.322350454733971E-5,3.470349741795442E-5,5.9441624769226557E-5,0.014692453344308463,2.894148692701861E-5,0.0703117576763176,0.3767148976195078,1.018921829653218E-4
98,104185393.txt,1.5199972954130377E-4,0.22949837110328727,5.485653905427415E-5,3.054725972301502E-5,6.406716825920772E-5,0.13648475869387858,1.051194745660518E-4,1.0198434136216234E-4,1.0652739304159218E-4,0.0232250631272445,6.279953738065107E-5,8.884007038113519E-5,6.957311496080985E-5,0.0011086415804006952,0.6088468508669188
99,104186895.txt,2.659117741668997E-4,2.0954080596539962E-4,9.596727355106282E-5,5.344006896194328E-5,1.1208055717642484E-4,0.02072234675720529,1.8389839288335987E-4,1.7841371975261419E-4,1.8636143739563034E-4,0.9714537315963658,1.098629349679975E-4,1.5541883399036252E-4,1.2171278520939358E-4,0.0019394827244046938,0.0042118303380031
100,104185344.txt,0.010483168460642024,0.25534846920667065,5.4119641634336965E-5,3.0136913075849224E-5,6.320654285689822E-5,0.02615262423366701,1.037073864006603E-4,0.1137659306366241,1.0509639206270583E-4,1.8001356538660686E-4,6.195594028417246E-5,0.0910198996811912,0.007301885926133197,6.042794844723324E-5,0.49526935752492335
101,104185422.txt,0.0031009925821719746,0.22712479647080144,7.571262604841948E-5,4.2161122303474584E-5,0.04490208053866412,0.11609525602371093,1.450851913999067E-4,1.4075810164961792E-4,1.4702839100533177E-4,2.518364746730247E-4,8.667549888648162E-5,1.2261646729530733E-4,9.602434508017094E-5,8.453785955514842E-5,0.6075844383067547
102,104187221.txt,2.5833800934612825E-4,2.0357261298218574E-4,9.323390996592803E-5,5.191797572033478E-5,1.0888825106777366E-4,0.03259311080330101,1.7866055344213904E-4,0.06247824731600964,1.810534449123433E-4,0.901061176068605,1.0673379172274553E-4,0.001931132591232596,1.1824613160315487E-4,1.0410146362426311E-4,5.315870764646896E-4
103,104184728.txt,2.128662014552259E-4,0.0031013523550873995,7.682318336158948E-5,4.277954415923791E-5,8.972209875955408E-5,0.12659898393555075,0.007481243121652218,0.07201631490761726,1.4918501221102297E-4,0.6529841836963712,8.794686027209096E-5,1.2441501294848265E-4,9.743283589916518E-5,8.577786591959109E-5,0.1368509733687352
104,104185436.txt,0.0016341300806898282,0.13430452598577164,7.474022462643519E-5,4.161963355291752E-5,8.728940303972231E-5,0.05324168264434015,1.432218159790633E-4,0.09575032638756989,0.01584253016231158,0.10727626185749307,8.556229778955345E-5,1.210416648696142E-4,9.479107376765094E-5,8.345211284243548E-5,0.5912188246553565
105,104185350.txt,2.1732911646899237E-4,0.16490272040365972,7.843384459426003E-5,4.3676452492290056E-5,9.160319636397991E-5,0.11727276572421234,1.502997577697453E-4,1.4581714631201406E-4,1.5231279870917943E-4,0.034704739220128886,8.979073854134498E-5,0.015102611035789127,9.947559545044929E-5,8.757626943806565E-5,0.6668608487000697
106,104186881.txt,0.02509097318546503,0.003750500646984538,0.010735853863957019,5.173378890139166E-5,1.085019536379107E-4,0.09456136101853685,1.7802672828712176E-4,0.03742304467800287,1.804111306153312E-4,0.5519686279254287,0.00188018025677676,1.5045648901919887E-4,1.1782663568617935E-4,1.0373214804201543E-4,0.273698769550659
107,104186659.txt,9.728300962403373E-5,0.21257826572335917,3.510933363409694E-5,0.014767296402956435,0.018810862260047988,0.13427774824134475,6.727866481567471E-5,0.001405976251837419,0.05503704941678665,1.1678119320383293E-4,0.5182223423244547,0.02217847778092177,4.4528250364204E-5,3.9201756308597814E-5,0.02232179939034073
108,104185378.txt,2.5161924545090967E-4,0.2793470285122824,9.080911529605099E-5,5.056771130641629E-5,1.0605632381193015E-4,0.016140852136498966,0.0019078571825764973,1.688241360612567E-4,0.010579403689763412,3.0205064409876087E-4,0.03478082129366496,1.4706520559322836E-4,1.1517082788855477E-4,1.0139402944913562E-4,0.6559104799462576
109,104186671.txt,0.010129136962494137,8.811967764219693E-5,0.2050099562531422,2.247353029118733E-5,4.7134029683818405E-5,0.01333788949451534,0.03475264410182687,7.502958385175666E-5,7.837189378259386E-5,1.342387093315974E-4,4.62014373267428E-5,0.7351818891849307,5.1184738686920615E-5,4.506199179873817E-5,0.0010006684106953585
110,104186117.txt,0.2914921397144866,3.744821468719623E-5,1.7150850624667898E-5,9.550574963980417E-6,0.012136267437881687,0.004685804598175525,0.6693730873220985,3.1885318230284955E-5,3.330569950255147E-5,5.70474171137295E-5,1.9634222345820316E-5,0.0013376392207680844,2.1751975657908843E-5,1.914999224082218E-5,0.0207281374412226
111,104187209.txt,0.3702870972830762,1.591054858933833E-4,7.286847837516841E-5,4.057733814276676E-5,8.510338321262739E-5,4.303170776611066E-4,1.396350606742951E-4,1.354705182148289E-4,1.4150526391273514E-4,2.4237622793659564E-4,0.0014747172335280534,1.1801037504409958E-4,0.0014837148899593858,8.136219165001411E-5,0.6251081391927188
112,104184700.txt,0.029573127636622253,1.9725215530676043E-4,9.033921321265881E-5,5.0306042939559144E-5,0.015629348335779294,0.16094651037977556,1.731135574599343E-4,0.03121563216131682,0.0036251745579672463,0.738545361841429,1.0341995493871649E-4,1.4630419997966788E-4,1.1457486335576092E-4,1.008693545249681E-4,0.019488665745391695
113,104184714.txt,2.587987073896405E-4,0.003770565619010493,9.34001753947707E-5,0.005401955519729744,1.0908243311769871E-4,0.13965013374434118,1.789791614844938E-4,0.0608063507247769,1.813763202339167E-4,0.7885358928651836,1.0692413169303394E-4,1.5126142295401125E-4,1.1845700170167557E-4,1.042871093244055E-4,5.325350636644963E-4
114,104186103.txt,0.011627071140077836,5.568856792041802E-4,1.3794540492881338E-5,7.68158944148449E-6,0.009234512846339013,0.009299864345271773,2.8981686556339004E-4,0.011614493983199204,2.6787990315237234E-5,0.9537554315590959,1.579193248911516E-5,2.2340234535221044E-5,1.749525522551176E-5,1.5402463072265266E-5,0.003502629575677017
115,104186665.txt,0.02286081813643458,0.35730346835304183,0.03305140644856252,0.05304290406778773,0.02421727420292439,0.08294406659058066,0.11587392274294131,5.104631458182611E-4,0.03679571163384941,8.103661712426218E-5,0.006075095811045,0.029345142285637293,0.11678847506379056,0.10887689527192354,0.012233319628538724
116,104185185.txt,0.047875150038379694,7.435094723135079E-4,7.2171322779106E-4,1.025584734074856E-5,2.150972307101705E-5,0.017691158205876596,0.5208258726437341,3.4239923503485105E-5,0.016563217771366052,0.0011162039258813153,2.1084132399618755E-5,0.046799001218238476,0.33408888908562606,0.002833747561172565,0.010654447223305675
117,104185191.txt,8.418968792013862E-5,6.634221111882327E-5,3.0383967901095935E-5,1.6919531835069577E-5,3.5485555914782215E-5,0.008881369914131488,5.822362832323327E-5,5.648713914117986E-5,0.9897597156361273,6.811929847687091E-4,3.47834398755914E-5,4.920678360916752E-5,3.8535192489213347E-5,3.3925591347318035E-5,1.7323873549702194E-4
118,104186498.txt,4.75225871208093E-5,0.3317603663607789,1.7150850624667898E-5,0.08384081123182427,2.0030546069849488E-5,0.1680912697066649,0.1719524430339315,3.1885318230284955E-5,3.330569950255147E-5,5.70474171137295E-5,0.0291640959350824,2.7775773004642634E-5,0.03604299678915256,0.06354752720876775,0.11536577154213128
119,104185807.txt,0.009804688642706805,1.8246029168790924E-4,8.356471019545315E-5,4.653361203654165E-5,9.759555453046559E-5,0.05952786204122462,1.6013183805342526E-4,1.553559899572127E-4,1.622765650343045E-4,0.8123995532619465,0.006477759613183148,1.3533290402805296E-4,1.0598293821166674E-4,0.011261971592125363,0.09939893044507853
